,,,,,Game,Game,Pass,Pass,Pass,Pass,Pass,Rush,Rush,Rush,Rush,Rece,Rece,Rece,Rece,Rece,Fant
Rk,,Tm,FantPos,Age,G,GS,Cmp,Att,Yds,TD,Int,Att,Yds,Y/A,TD,Tgt,Rec,Yds,Y/R,TD,FantPt▼
1,Aaron Rodgers*\RodgAa00,GNB,QB,33,16,16,401,610,4428,40,7,67,369,5.51,4,0,0,0,,0,382
2,Matt Ryan*+\RyanMa00,ATL,QB,31,16,16,373,534,4944,38,7,35,117,3.34,0,0,0,0,,0,355
3,Drew Brees*\BreeDr00,NOR,QB,37,16,16,471,673,5208,37,15,23,20,0.87,2,0,0,0,,0,336
4,David Johnson*+\JohnDa08,ARI,RB,25,16,16,0,0,0,0,0,293,1239,4.23,16,120,80,879,10.99,4,328
5,Andrew Luck\LuckAn00,IND,QB,27,15,15,346,545,4240,31,13,64,341,5.33,2,0,0,0,,0,310
6,Kirk Cousins*\CousKi00,WAS,QB,28,16,16,406,606,4917,25,12,34,96,2.82,4,0,0,0,,0,306
7,Ezekiel Elliott*+\ElliEz00,DAL,RB,21,15,15,0,0,0,0,0,322,1631,5.07,15,39,32,363,11.34,1,293
8,Dak Prescott*\PresDa01,DAL,QB,23,16,16,311,459,3667,23,4,57,282,4.95,6,0,0,0,,0,293
9,Matthew Stafford\StafMa00,DET,QB,28,16,16,388,594,4327,24,10,37,207,5.59,2,1,0,0,,0,282
10,Tyrod Taylor\TaylTy00,BUF,QB,27,15,15,269,436,3023,17,6,95,580,6.11,6,0,0,0,,0,271
11,Derek Carr*\CarrDe02,OAK,QB,25,15,15,357,560,3937,28,6,39,70,1.79,0,0,0,0,,0,270
12,Blake Bortles\BortBl00,JAX,QB,24,16,16,368,625,3905,23,16,58,359,6.19,3,1,1,20,20.00,1,270
13,Russell Wilson\WilsRu00,SEA,QB,28,16,16,353,546,4219,21,11,72,259,3.60,1,2,2,14,7.00,1,270
14,Marcus Mariota\MariMa01,TEN,QB,23,15,15,276,451,3426,26,9,60,349,5.82,2,1,0,0,,0,268
15,Ben Roethlisberger*\RoetBe00,PIT,QB,34,14,14,328,509,3819,29,13,16,14,0.88,1,0,0,0,,0,266
16,Philip Rivers*\RivePh00,SDG,QB,35,16,16,349,578,4386,33,21,14,35,2.50,0,0,0,0,,0,263
17,Jameis Winston\WinsJa00,TAM,QB,22,16,16,345,567,4090,28,18,53,165,3.11,1,0,0,0,,0,262
18,Tom Brady*\BradTo00,NWE,QB,39,12,12,291,432,3554,28,2,28,64,2.29,0,0,0,0,,0,261
19,Andy Dalton*\DaltAn00,CIN,QB,29,16,16,364,563,4206,18,8,46,184,4.00,4,0,0,0,,0,261
20,Cam Newton\NewtCa00,CAR,QB,27,15,14,270,510,3509,19,14,90,359,3.99,5,0,0,0,,0,260
21,Carson Palmer\PalmCa00,ARI,QB,37,15,15,364,597,4233,26,14,14,38,2.71,0,0,0,0,,0,249
22,LeSean McCoy*\McCoLe01,BUF,RB,28,15,15,0,0,0,0,0,234,1267,5.41,13,57,50,356,7.12,1,248
23,Joe Flacco\FlacJo00,BAL,QB,31,16,16,436,672,4317,20,15,21,58,2.76,2,0,0,0,,0,244
24,DeMarco Murray*\MurrDe00,TEN,RB,28,16,16,1,2,10,1,0,293,1287,4.39,9,67,53,377,7.11,3,243
25,Le'Veon Bell*\BellLe00,PIT,RB,24,12,12,0,1,0,0,0,261,1268,4.86,7,94,75,616,8.21,2,242
26,Devonta Freeman*\FreeDe00,ATL,RB,24,16,16,0,0,0,0,0,227,1079,4.75,11,65,54,462,8.56,2,232
27,LeGarrette Blount\BlouLe00,NWE,RB,30,16,8,0,0,0,0,0,299,1161,3.88,18,8,7,38,5.43,0,226
28,Eli Manning\MannEl00,NYG,QB,35,16,16,377,598,4027,26,16,21,-9,-0.43,0,0,0,0,,0,226
29,Alex Smith*\SmitAl03,KAN,QB,32,15,15,328,489,3502,15,8,48,134,2.79,5,1,1,3,3.00,0,226
30,Sam Bradford\BradSa00,MIN,QB,29,15,15,395,552,3877,20,5,20,53,2.65,0,1,1,5,5.00,0,223
31,Carson Wentz\WentCa00,PHI,QB,24,16,16,379,607,3782,16,14,46,150,3.26,2,1,1,7,7.00,0,217
32,Melvin Gordon*\GordMe00,SDG,RB,23,13,11,0,0,0,0,0,254,997,3.93,10,57,41,419,10.22,2,210
33,Mike Evans*\EvanMi00,TAM,WR,23,16,16,0,0,0,0,0,0,0,,0,173,96,1321,13.76,12,208
34,Jordy Nelson\NelsJo00,GNB,WR,31,16,16,0,0,0,0,0,0,0,,0,152,97,1257,12.96,14,208
35,Antonio Brown*+\BrowAn04,PIT,WR,28,15,15,0,0,0,0,0,3,9,3.00,0,154,106,1284,12.11,12,207
36,Jordan Howard*\HowaJo00,CHI,RB,22,15,13,0,0,0,0,0,252,1313,5.21,6,50,29,298,10.28,1,201
37,Colin Kaepernick\KaepCo00,SFO,QB,29,12,11,196,331,2241,16,4,69,468,6.78,2,0,0,0,,0,200
38,Mark Ingram\IngrMa01,NOR,RB,27,16,14,0,0,0,0,0,205,1043,5.09,6,58,46,319,6.93,4,198
39,Odell Beckham*\BeckOd00,NYG,WR,24,16,16,0,0,0,0,0,1,9,9.00,0,169,101,1367,13.53,10,196
40,Trevor Siemian\SiemTr00,DEN,QB,25,14,14,289,486,3401,18,10,28,57,2.04,0,0,0,0,,0,194
41,Ryan Tannehill\TannRy00,MIA,QB,28,13,13,261,389,2995,19,12,39,164,4.21,1,0,0,0,,0,192
42,Jay Ajayi*\AjayJa00,MIA,RB,23,15,12,0,0,0,0,0,260,1272,4.89,8,35,27,151,5.59,0,188
43,T.Y. Hilton*\HiltT.00,IND,WR,27,16,16,0,0,0,0,0,0,0,,0,155,91,1448,15.91,6,185
44,Julio Jones*+\JoneJu02,ATL,WR,27,14,14,0,0,0,0,0,0,0,,0,129,83,1409,16.98,6,179
45,Frank Gore\GoreFr00,IND,RB,33,16,16,0,0,0,0,0,263,1025,3.90,4,47,38,277,7.29,4,176
46,Latavius Murray\MurrLa00,OAK,RB,26,14,12,0,0,0,0,0,195,788,4.04,12,43,33,264,8.00,0,175
47,Davante Adams\AdamDa01,GNB,WR,24,16,15,0,0,0,0,0,0,0,,0,121,75,997,13.29,12,174
48,Brandin Cooks\CookBr00,NOR,WR,23,16,12,0,0,0,0,0,6,30,5.00,0,117,78,1173,15.04,8,168
49,Brock Osweiler\OsweBr00,HOU,QB,26,15,14,301,510,2957,15,16,30,131,4.37,2,1,1,-14,-14.00,0,168
50,Isaiah Crowell\CrowIs00,CLE,RB,23,16,16,0,0,0,0,0,198,952,4.81,7,53,40,319,7.98,0,165
51,Carlos Hyde\HydeCa00,SFO,RB,26,13,13,0,0,0,0,0,217,988,4.55,6,33,27,163,6.04,3,165
52,Michael Thomas\ThomMi05,NOR,WR,23,15,12,0,0,0,0,0,0,0,,0,121,92,1137,12.36,9,164
53,Doug Baldwin*\BaldDo00,SEA,WR,28,16,15,1,1,15,1,0,3,2,0.67,0,125,94,1128,12.00,7,162
54,Spencer Ware\WareSp00,KAN,RB,25,14,14,0,0,0,0,0,214,921,4.30,3,42,33,447,13.55,2,161
55,Lamar Miller\MillLa01,HOU,RB,25,14,14,0,0,0,0,0,268,1073,4.00,5,39,31,188,6.06,1,160
56,Tevin Coleman\ColeTe01,ATL,WR,23,13,0,0,0,0,0,0,118,520,4.41,8,40,31,421,13.58,3,160
57,Jeremy Hill\HillJe01,CIN,RB,24,15,13,0,0,0,0,0,222,839,3.78,9,27,21,174,8.29,0,155
58,Todd Gurley\GurlTo01,LAR,RB,22,16,16,0,0,0,0,0,278,885,3.18,6,58,43,327,7.60,0,155
59,Matt Forte\FortMa00,NYJ,RB,31,14,13,0,0,0,0,0,218,813,3.73,7,43,30,263,8.77,1,154
60,Michael Crabtree\CrabMi00,OAK,WR,29,16,16,0,0,0,0,0,0,0,,0,145,89,1003,11.27,8,152
61,Amari Cooper*\CoopAm00,OAK,WR,22,16,14,0,0,0,0,0,1,0,0.00,0,132,83,1153,13.89,5,151
62,Rishard Matthews\MattRi00,TEN,WR,27,16,10,0,0,0,0,0,0,0,,0,108,65,945,14.54,9,149
63,Tyrell Williams\WillTy00,SDG,WR,24,16,12,0,0,0,0,0,0,0,,0,119,69,1059,15.35,7,148
64,Bilal Powell\PoweBi00,NYJ,WR,28,16,4,0,0,0,0,0,131,722,5.51,3,74,58,388,6.69,2,139
65,Travis Kelce*+\KelcTr00,KAN,TE,27,16,15,0,0,0,0,0,1,-5,-5.00,0,117,85,1125,13.24,4,138
66,Jonathan Stewart\StewJo00,CAR,RB,29,13,13,0,0,0,0,0,218,824,3.78,9,21,8,60,7.50,0,138
67,Terrelle Pryor\PryoTe00,CLE,WR,27,16,15,5,9,41,0,0,8,21,2.63,1,140,77,1007,13.08,4,138
68,Tyreek Hill*+\HillTy00,KAN,WR,22,16,1,0,0,0,0,0,24,267,11.13,3,83,61,593,9.72,6,138
69,Terrance West\WestTe00,BAL,RB,25,16,13,0,0,0,0,0,193,774,4.01,5,45,34,236,6.94,1,137
70,Jarvis Landry*\LandJa00,MIA,WR,24,16,16,0,1,0,0,0,5,17,3.40,0,131,94,1136,12.09,4,137
71,Larry Fitzgerald*\FitzLa00,ARI,WR,33,16,16,0,1,0,0,0,2,5,2.50,0,150,107,1023,9.56,6,137
72,Demaryius Thomas*\ThomDe03,DEN,WR,29,16,16,0,0,0,0,0,0,0,,0,144,90,1083,12.03,5,136
73,Kelvin Benjamin\BenjKe00,CAR,WR,25,16,13,0,0,0,0,0,0,0,,0,118,63,941,14.94,7,134
74,Dez Bryant*\BryaDe01,DAL,WR,28,13,13,1,1,10,1,0,0,0,,0,96,50,796,15.92,8,134
75,Emmanuel Sanders*\SandEm00,DEN,WR,29,16,16,0,0,0,0,0,1,4,4.00,0,137,79,1032,13.06,5,134
76,Ryan Fitzpatrick\FitzRy00,NYJ,QB,34,14,11,228,403,2710,12,17,33,130,3.94,0,0,0,0,,0,133
77,Ryan Mathews\MathRy00,PHI,RB,29,13,8,0,0,0,0,0,155,661,4.26,8,14,13,115,8.85,1,132
78,Julian Edelman\EdelJu00,NWE,WR,30,16,13,0,0,0,0,0,12,57,4.75,0,159,98,1106,11.29,3,132
79,Golden Tate\TateGo00,DET,WR,28,16,16,0,0,0,0,0,10,4,0.40,0,135,91,1077,11.84,4,132
80,Greg Olsen*\OlseGr00,CAR,TE,31,16,16,0,0,0,0,0,0,0,,0,129,80,1073,13.41,3,131
81,Mike Wallace\WallMi00,BAL,WR,30,16,16,0,0,0,0,0,5,31,6.20,0,116,72,1017,14.13,4,131
82,Kyle Rudolph\RudoKy00,MIN,TE,27,16,16,0,0,0,0,0,0,0,,0,132,83,840,10.12,7,128
83,Kenny Britt\BritKe00,LAR,WR,28,15,15,0,0,0,0,0,0,0,,0,111,68,1002,14.74,5,128
84,Kenny Stills\StilKe00,MIA,WR,24,16,16,0,0,0,0,0,0,0,,0,81,42,726,17.29,9,127
85,Allen Robinson\RobiAl02,JAX,WR,23,16,16,0,0,0,0,0,0,0,,0,151,73,883,12.10,6,126
86,Adam Thielen\ThieAd00,MIN,WR,26,16,10,0,0,0,0,0,2,15,7.50,0,92,69,967,14.01,5,126
87,Jamison Crowder\CrowJa00,WAS,WR,23,16,9,0,0,0,0,0,2,-2,-1.00,0,99,67,847,12.64,7,125
88,DeSean Jackson\JackDe00,WAS,WR,30,15,15,0,0,0,0,0,0,0,,0,100,56,1005,17.95,4,125
89,Jimmy Graham*\GrahJi00,SEA,TE,30,16,15,0,0,0,0,0,1,0,0.00,0,95,65,923,14.20,6,124
90,Delanie Walker*\WalkHu00,TEN,TE,32,15,10,0,0,0,0,0,2,11,5.50,0,102,65,800,12.31,7,123
91,Pierre Garcon\GarcPi00,WAS,WR,30,16,16,0,0,0,0,0,0,0,,0,114,79,1041,13.18,3,122
92,Brandon LaFell\LaFeBr00,CIN,WR,30,16,14,0,0,0,0,0,1,-2,-2.00,0,107,64,862,13.47,6,122
93,Robert Kelley\KellRo00,WAS,RB,24,15,9,0,0,0,0,0,168,704,4.19,6,18,12,82,6.83,1,121
94,A.J. Green*\GreeA.00,CIN,WR,28,10,10,0,0,0,0,0,0,0,,0,100,66,964,14.61,4,120
95,Willie Snead\SneaWi00,NOR,WR,24,15,4,1,1,50,1,0,0,0,,0,104,72,895,12.43,4,120
96,DeAndre Hopkins\HopkDe00,HOU,WR,24,16,16,0,0,0,0,0,0,0,,0,151,78,954,12.23,4,119
97,Sterling Shepard\ShepSt00,NYG,WR,22,16,16,0,0,0,0,0,3,31,10.33,0,105,65,683,10.51,8,119
98,Mike Gillislee\GillMi00,BUF,RB,26,15,1,0,0,0,0,0,101,577,5.71,8,11,9,50,5.56,1,117
99,Marvin Jones\JoneMa02,DET,WR,26,15,15,0,0,0,0,0,1,3,3.00,0,103,55,930,16.91,4,117
100,Christine Michael\MichCh00,2TM,RB,26,15,7,0,0,0,0,0,148,583,3.94,7,29,22,107,4.86,1,117
101,Steve Smith\SmitSt01,BAL,WR,37,14,14,0,0,0,0,0,0,0,,0,101,70,799,11.41,5,116
102,Cameron Brate\BratCa00,TAM,TE,25,15,10,0,0,0,0,0,0,0,,0,81,57,660,11.58,8,114
103,Cole Beasley\BeasCo00,DAL,WR,27,16,6,0,1,0,0,0,1,7,7.00,0,98,75,833,11.11,5,114
104,Martellus Bennett\BennMa00,NWE,TE,29,16,12,0,0,0,0,0,2,10,5.00,0,73,55,701,12.75,7,113
105,Case Keenum\KeenCa00,LAR,QB,28,10,9,196,322,2201,9,11,20,51,2.55,1,0,0,0,,0,113
106,Cameron Meredith\MereCa00,CHI,WR,24,14,10,1,1,2,1,0,1,6,6.00,0,97,66,888,13.45,4,113
107,Devontae Booker\BookDe00,DEN,RB,23,16,6,0,0,0,0,0,174,612,3.52,4,45,31,265,8.55,1,112
108,Quincy Enunwa\EnunQu00,NYJ,WR,24,16,13,0,0,0,0,0,1,12,12.00,0,105,58,857,14.78,4,111
109,Darren Sproles*\SproDa00,PHI,RB,33,15,5,0,0,0,0,0,94,438,4.66,2,71,52,427,8.21,2,111
110,Stefon Diggs\DiggSt00,MIN,WR,23,13,11,0,0,0,0,0,3,10,3.33,0,112,84,903,10.75,3,109
111,Marqise Lee\LeexMa00,JAX,WR,25,16,6,1,1,20,1,0,6,35,5.83,0,105,63,851,13.51,3,109
112,Theo Riddick\RiddTh00,DET,RB,25,10,8,0,0,0,0,0,92,357,3.88,1,67,53,371,7.00,5,109
113,Tim Hightower\HighTi00,NOR,RB,30,16,1,0,0,0,0,0,133,548,4.12,4,26,22,200,9.09,1,107
114,Jerick McKinnon\McKiJe00,MIN,RB,24,15,7,0,1,0,0,0,159,539,3.39,2,53,43,255,5.93,2,107
115,JJ Nelson\NelsJJ00,ARI,WR,24,15,6,0,0,0,0,0,4,83,20.75,1,74,34,568,16.71,6,107
116,Zach Ertz\ErtzZa00,PHI,TE,26,14,12,0,0,0,0,0,0,0,,0,106,78,816,10.46,4,106
117,Anquan Boldin\BoldAn00,DET,WR,36,16,16,0,0,0,0,0,0,0,,0,95,67,584,8.72,8,106
118,Jordan Reed*\ReedJo02,WAS,TE,26,12,8,0,0,0,0,0,0,0,,0,89,66,686,10.39,6,105
119,Taylor Gabriel\GabrTa00,ATL,WR,25,13,3,0,0,0,0,0,4,51,12.75,1,50,35,579,16.54,6,105
120,Ted Ginn\GinnTe00,CAR,WR,31,16,8,0,0,0,0,0,14,98,7.00,0,95,54,752,13.93,4,105
121,Dontrelle Inman\InmaDo00,SDG,WR,27,16,16,0,0,0,0,0,0,0,,0,97,58,810,13.97,4,105
122,James White\WhitJa02,NWE,RB,24,16,4,0,0,0,0,0,39,166,4.26,0,86,60,551,9.18,5,104
123,Rashad Jennings\JennRa00,NYG,RB,31,13,12,0,0,0,0,0,181,593,3.28,3,42,35,201,5.74,1,103
124,Jordan Matthews\MattJo00,PHI,WR,24,14,13,0,0,0,0,0,0,0,,0,117,73,804,11.01,3,102
125,DeVante Parker\ParkDe01,MIA,WR,23,15,8,0,0,0,0,0,0,0,,0,87,56,744,13.29,4,102
126,Matt Asiata\AsiaMa00,MIN,RB,29,16,6,0,0,0,0,0,121,402,3.32,6,38,32,263,8.22,0,101
127,Chris Thompson\ThomCh03,WAS,RB,26,16,0,0,0,0,0,0,68,356,5.24,3,62,49,349,7.12,2,101
128,Brandon Marshall\MarsBr00,NYJ,WR,32,15,15,0,0,0,0,0,0,0,,0,128,59,788,13.36,3,97
129,Ty Montgomery\MontTy01,GNB,WR,23,15,6,0,0,0,0,0,77,457,5.94,3,56,44,348,7.91,0,97
130,Hunter Henry\HenrHu00,SDG,TE,22,15,10,0,0,0,0,0,0,0,,0,53,36,478,13.28,8,96
131,Antonio Gates\GateAn00,SDG,TE,36,14,9,0,0,0,0,0,0,0,,0,93,53,548,10.34,7,95
132,Alshon Jeffery\JeffAl00,CHI,WR,26,12,12,0,0,0,0,0,0,0,,0,94,52,821,15.79,2,94
133,Derrick Henry\HenrDe00,TEN,RB,22,15,1,0,0,0,0,0,110,490,4.45,5,15,13,137,10.54,0,93
134,Chris Hogan\HogaCh00,NWE,WR,28,15,14,0,0,0,0,0,3,9,3.00,0,58,38,680,17.89,4,91
135,Duke Johnson\JohnDu00,CLE,RB,23,16,1,0,1,0,0,0,73,358,4.90,1,74,53,514,9.70,0,91
136,Mohamed Sanu\SanuMo00,ATL,WR,27,15,15,0,0,0,0,0,1,5,5.00,0,81,59,653,11.07,4,90
137,Tavon Austin\AustTa00,LAR,WR,25,15,15,0,0,0,0,0,28,159,5.68,1,106,58,509,8.78,3,89
138,Coby Fleener\FleeCo00,NOR,TE,28,16,8,0,0,0,0,0,1,2,2.00,1,81,50,631,12.62,3,89
139,Randall Cobb\CobbRa00,GNB,WR,26,13,10,0,0,0,0,0,10,33,3.30,0,84,60,610,10.17,4,88
140,T.J. Yeldon\YeldT.00,JAX,RB,23,15,13,0,0,0,0,0,130,465,3.58,1,68,50,312,6.24,1,88
141,C.J. Anderson\AndeC.00,DEN,RB,25,7,7,0,0,0,0,0,110,437,3.97,4,24,16,128,8.00,1,87
142,Jalen Richard\RichJa01,OAK,RB,23,16,0,0,0,0,0,0,83,491,5.92,1,39,29,194,6.69,2,87
143,Jack Doyle\DoylJa00,IND,TE,26,16,14,0,0,0,0,0,0,0,,0,75,59,584,9.90,5,86
144,Travis Benjamin\BenjTr00,SDG,WR,27,14,8,0,1,0,0,0,2,-3,-1.50,0,75,47,677,14.40,4,85
145,DeAngelo Williams\WillDe02,PIT,RB,33,9,4,0,0,0,0,0,98,343,3.50,4,27,18,118,6.56,2,84
146,Giovani Bernard\BernGi00,CIN,RB,25,10,2,0,0,0,0,0,91,337,3.70,2,51,39,336,8.62,1,83
147,Eric Ebron\EbroEr00,DET,TE,23,13,13,0,0,0,0,0,1,1,1.00,1,85,61,711,11.66,1,83
148,Jeremy Kerley\KerlJe00,SFO,WR,28,16,13,0,0,0,0,0,0,0,,0,115,64,667,10.42,3,83
149,Tyler Lockett\LockTy00,SEA,WR,24,15,9,0,0,0,0,0,6,114,19.00,1,66,41,597,14.56,1,83
150,Dennis Pitta\PittDe00,BAL,TE,31,16,12,0,0,0,0,0,0,0,,0,121,86,729,8.48,2,83
151,Jason Witten\WittJa00,DAL,TE,34,16,16,0,0,0,0,0,0,0,,0,95,69,673,9.75,3,83
152,Robert Turbin\TurbRo00,IND,RB,27,15,0,0,0,0,0,0,47,164,3.49,7,35,26,179,6.88,1,82
153,Michael Floyd\FloyMi00,2TM,WR,27,15,8,0,0,0,0,0,0,0,,0,76,37,488,13.19,5,81
154,Terrance Williams\WillTe01,DAL,WR,27,16,15,0,0,0,0,0,0,0,,0,61,44,594,13.50,4,81
155,Shaun Draughn\DrauSh00,SFO,RB,29,16,1,0,0,0,0,0,74,196,2.65,4,39,29,263,9.07,2,80
156,C.J. Fiedorowicz\FiedC.00,HOU,TE,25,15,15,0,0,0,0,0,0,0,,0,89,54,559,10.35,4,80
157,Brian Hoyer\HoyeBr00,CHI,QB,31,6,5,134,200,1445,6,0,7,-2,-0.29,0,0,0,0,,0,80
158,Dwayne Allen\AlleDw00,IND,TE,26,14,14,0,0,0,0,0,0,0,,0,52,35,406,11.60,6,79
159,Charles Clay\ClayCh00,BUF,TE,27,15,15,0,0,0,0,0,0,0,,0,87,57,552,9.68,4,79
160,Cody Kessler\KessCo00,CLE,QB,23,9,8,128,195,1380,6,2,11,18,1.64,0,0,0,0,,0,79
161,Adam Humphries\HumpAd00,TAM,WR,23,15,4,0,0,0,0,0,5,18,3.60,0,83,55,622,11.31,2,78
162,Jacquizz Rodgers\RodgJa00,TAM,RB,26,10,5,0,0,0,0,0,129,560,4.34,2,16,13,98,7.54,0,78
163,Eli Rogers\RogeEl00,PIT,WR,,13,8,0,0,0,0,0,1,6,6.00,0,66,48,594,12.38,3,78
164,Gary Barnidge\BarnGa01,CLE,TE,31,16,16,0,0,0,0,0,0,0,,0,82,55,612,11.13,2,75
165,Will Fuller\FullWi01,HOU,WR,22,14,13,0,0,0,0,0,1,-3,-3.00,0,92,47,635,13.51,2,75
166,Chris Ivory\IvorCh00,JAX,RB,28,11,1,0,0,0,0,0,117,439,3.75,3,28,20,186,9.30,0,75
167,Zach Zenner\ZennZa00,DET,RB,25,14,4,0,0,0,0,0,88,334,3.80,4,23,18,196,10.89,0,75
168,Brian Quick\QuicBr00,LAR,WR,27,16,8,0,0,0,0,0,0,0,,0,77,41,564,13.76,3,74
169,Seth Roberts\RobeSe00,OAK,WR,25,16,6,0,0,0,0,0,0,0,,0,77,38,397,10.45,5,74
170,Robby Anderson\AndeRo04,NYJ,WR,23,16,8,0,0,0,0,0,3,42,14.00,0,78,42,587,13.98,2,73
171,Blaine Gabbert\GabbBl00,SFO,QB,27,6,5,91,160,925,5,6,40,173,4.33,2,1,1,-16,-16.00,0,73
172,Zach Miller\MillZa02,CHI,TE,32,10,8,0,0,0,0,0,0,0,,0,64,47,486,10.34,4,73
173,Donte Moncrief\MoncDo00,IND,WR,23,9,7,0,0,0,0,0,1,-1,-1.00,0,56,30,307,10.23,7,73
174,Kenneth Dixon\DixoKe00,BAL,RB,22,12,0,0,0,0,0,0,88,382,4.34,2,41,30,162,5.40,1,72
175,Rob Gronkowski\GronRo00,NWE,TE,27,8,6,0,0,0,0,0,0,0,,0,38,25,540,21.60,3,72
176,Doug Martin\MartDo00,TAM,RB,27,8,8,0,0,0,0,0,144,421,2.92,3,16,14,134,9.57,0,72
177,Matt Barkley\BarkMa00,CHI,QB,26,7,6,129,216,1611,8,14,7,2,0.29,0,1,1,2,2.00,1,71
178,Tyler Boyd\BoydTy00,CIN,WR,22,16,2,0,0,0,0,0,4,58,14.50,0,81,54,603,11.17,1,70
179,Vernon Davis\DaviVe00,WAS,TE,32,16,14,0,0,0,0,0,0,0,,0,59,44,583,13.25,2,70
180,Damien Williams\WillDa05,MIA,RB,24,15,0,0,0,0,0,0,35,115,3.29,3,32,23,249,10.83,3,70
181,Tyler Eifert\EifeTy00,CIN,TE,26,8,2,0,0,0,0,0,0,0,,0,47,29,394,13.59,5,69
182,Jeremy Maclin\MaclJe00,KAN,WR,28,12,12,0,1,0,0,0,1,-1,-1.00,0,76,44,536,12.18,2,68
183,Breshad Perriman\PerrBr02,BAL,WR,23,16,1,0,0,0,0,0,1,2,2.00,0,66,33,499,15.12,3,68
184,DeAndre Washington\WashDe00,OAK,RB,23,14,2,0,0,0,0,0,87,467,5.37,2,23,17,115,6.76,0,68
185,Robert Woods\WoodRo02,BUF,WR,24,13,10,0,0,0,0,0,1,6,6.00,0,76,51,613,12.02,1,68
186,Matt Jones\JoneMa04,WAS,RB,23,7,7,0,0,0,0,0,99,460,4.65,3,8,8,73,9.13,0,67
187,Phillip Dorsett\DorsPh00,IND,WR,23,15,7,0,0,0,0,0,2,10,5.00,0,59,33,528,16.00,2,66
188,Robert Griffin\GrifRo01,CLE,QB,26,5,5,87,147,886,2,3,31,190,6.13,2,0,0,0,,0,66
189,Allen Hurns\HurnAl01,JAX,WR,25,11,11,0,0,0,0,0,0,0,,0,76,35,477,13.63,3,66
190,Charcandrick West\WestCh01,KAN,RB,25,15,2,0,0,0,0,0,88,293,3.33,1,34,28,188,6.71,2,66
191,John Brown\BrowJo02,ARI,WR,26,15,6,0,0,0,0,0,1,10,10.00,0,73,39,517,13.26,2,65
192,Malcolm Mitchell\MitcMa01,NWE,WR,23,14,6,0,0,0,0,0,0,0,,0,48,32,401,12.53,4,64
193,Tajae Sharpe\SharTa00,TEN,WR,22,16,10,0,0,0,0,0,1,1,1.00,0,83,41,522,12.73,2,64
194,Victor Cruz\CruzVi00,NYG,WR,30,15,12,0,0,0,0,0,0,0,,0,72,39,586,15.03,1,63
195,Devin Funchess\FuncDe00,CAR,WR,22,15,7,0,0,0,0,0,0,0,,0,58,23,371,16.13,4,63
196,Vance McDonald\McDoVa00,SFO,TE,26,11,11,0,0,0,0,0,0,0,,0,45,24,391,16.29,4,63
197,Thomas Rawls\RawlTh00,SEA,RB,23,9,7,0,0,0,0,0,109,349,3.20,3,17,13,96,7.38,0,63
198,Cordarrelle Patterson*+\PattCo00,MIN,WR,25,16,8,0,0,0,0,0,7,43,6.14,0,70,52,453,8.71,2,62
199,Paul Perkins\PerkPa00,NYG,RB,22,14,1,0,0,0,0,0,112,456,4.07,0,24,15,162,10.80,0,62
200,Marquise Goodwin\GoodMa00,BUF,WR,26,15,9,0,0,0,0,0,0,0,,0,68,29,431,14.86,3,61