Rank,Name,Tm,FantPos,Age,G,GS,Cmp,Att,Yds,TD,Int,Att,Yds,Y/A,TD,Tgt,Rec,Yds,TD,FantPt
1,Drew Brees*\BreeDr00,NOR,QB,33,16,16,422,670,5177,43,19,15,5,0.33,1,0,0,0,0,346
2,Aaron Rodgers*\RodgAa00,GNB,QB,29,16,16,371,552,4295,39,8,54,259,4.80,2,1,1,-1,0,344
3,Tom Brady*\BradTo00,NWE,QB,35,16,16,401,637,4827,34,8,23,32,1.39,4,0,0,0,0,340
4,Cam Newton\NewtCa00,CAR,QB,23,16,16,280,485,3869,19,12,127,741,5.83,8,1,0,6,0,323
5,Robert Griffin*\GrifRo01,WAS,QB,22,15,15,258,393,3200,20,5,120,815,6.79,7,1,0,0,0,318
6,Peyton Manning*+\MannPe00,DEN,QB,36,16,16,400,583,4659,37,11,23,6,0.26,0,0,0,0,0,311
7,Adrian Peterson*+\PeteAd01,MIN,RB,27,16,16,0,0,0,0,0,348,2097,6.03,12,51,40,217,1,307
8,Matt Ryan*\RyanMa00,ATL,QB,27,16,16,422,615,4719,32,14,34,141,4.15,1,0,0,0,0,305
9,Tony Romo\RomoTo00,DAL,QB,32,16,16,425,648,4903,28,19,30,49,1.63,1,1,1,-1,0,279
10,Russell Wilson*\WilsRu00,SEA,QB,24,16,16,252,393,3118,26,10,94,489,5.20,4,0,0,0,0,278
11,Andrew Luck*\LuckAn00,IND,QB,23,16,16,339,627,4374,23,18,62,255,4.11,5,0,0,0,0,276
12,Matthew Stafford\StafMa00,DET,QB,24,16,16,435,727,4967,20,17,35,126,3.60,4,1,1,3,0,276
13,Doug Martin*\MartDo00,TAM,RB,23,16,16,0,0,0,0,0,319,1454,4.56,11,70,49,472,1,263
14,Arian Foster*\FostAr00,HOU,RB,26,16,16,0,0,0,0,0,351,1424,4.06,15,58,40,217,2,262
15,Andy Dalton\DaltAn00,CIN,QB,25,16,16,329,528,3669,27,16,47,120,2.55,4,0,0,0,0,251
16,Josh Freeman\FreeJo00,TAM,QB,24,16,16,306,558,4065,27,17,39,139,3.56,0,0,0,0,0,249
17,Marshawn Lynch*+\LyncMa00,SEA,RB,26,16,15,0,0,0,0,0,315,1590,5.05,11,30,23,196,1,247
18,Alfred Morris\MorrAl00,WAS,RB,24,16,16,0,0,0,0,0,335,1613,4.81,13,16,11,77,0,241
19,Joe Flacco\FlacJo00,BAL,QB,27,16,16,317,531,3817,22,10,32,22,0.69,3,0,0,0,0,235
20,Eli Manning*\MannEl00,NYG,QB,31,16,16,321,536,3948,26,15,20,30,1.50,0,0,0,0,0,233
21,Sam Bradford\BradSa00,STL,QB,25,16,16,328,551,3702,21,13,36,124,3.44,1,0,0,0,0,231
22,Matt Schaub*\SchaMa00,HOU,QB,31,16,16,350,544,4008,22,12,21,-9,-0.43,0,1,1,-6,0,225
23,Carson Palmer\PalmCa00,OAK,QB,33,15,15,345,565,4018,22,14,18,36,2.00,1,0,0,0,0,224
24,Ben Roethlisberger\RoetBe00,PIT,QB,30,13,13,284,449,3265,26,8,26,92,3.54,0,0,0,0,0,224
25,Ray Rice*\RiceRa00,BAL,RB,25,16,16,0,0,0,0,0,257,1143,4.45,9,83,61,478,1,222
26,Calvin Johnson*+\JohnCa00,DET,WR,27,16,16,0,0,0,0,0,0,0,,0,204,122,1964,5,220
27,Brandon Marshall*+\MarsBr00,CHI,WR,28,16,16,0,0,0,0,0,1,-2,-2.00,0,192,118,1508,11,217
28,Ryan Fitzpatrick\FitzRy00,BUF,QB,30,16,16,306,505,3400,24,16,48,197,4.10,1,0,0,0,0,214
29,C.J. Spiller*\SpilC.00,BUF,RB,25,16,9,0,0,0,0,0,207,1244,6.01,6,57,43,459,2,212
30,Dez Bryant\BryaDe01,DAL,WR,24,16,14,0,0,0,0,0,2,-5,-2.50,0,138,92,1382,12,208
31,Philip Rivers\RivePh00,SDG,QB,31,16,16,338,527,3606,26,15,27,40,1.48,0,1,0,0,0,208
32,Jamaal Charles*\CharJa00,KAN,RB,26,16,15,0,0,0,0,0,285,1509,5.29,5,49,35,236,1,205
33,Trent Richardson\RichTr00,CLE,RB,22,15,15,0,0,0,0,0,267,950,3.56,11,70,51,367,1,204
34,A.J. Green*\GreeA.00,CIN,WR,24,16,16,0,0,0,0,0,4,38,9.50,0,164,97,1350,11,203
35,Stevan Ridley\RidlSt00,NWE,RB,23,16,12,0,0,0,0,0,290,1263,4.36,12,14,6,51,0,199
36,Frank Gore*\GoreFr00,SFO,RB,29,16,16,0,0,0,0,0,258,1214,4.71,8,36,28,234,1,197
37,Demaryius Thomas*\ThomDe03,DEN,WR,25,16,16,0,0,0,0,0,0,0,,0,143,94,1434,10,197
38,Christian Ponder\PondCh00,MIN,QB,24,16,16,300,483,2935,18,12,60,253,4.22,2,1,1,-15,0,193
39,Vincent Jackson*\JackVi00,TAM,WR,29,16,16,0,0,0,0,0,0,0,,0,147,72,1384,8,188
40,Andre Johnson*\JohnAn02,HOU,WR,31,16,16,0,0,0,0,0,0,0,,0,162,112,1598,4,186
41,Jay Cutler\CutlJa00,CHI,QB,29,15,15,255,434,3033,19,14,41,233,5.68,0,0,0,0,0,185
42,Eric Decker\DeckEr00,DEN,WR,25,16,15,0,0,0,0,0,0,0,,0,122,85,1064,13,184
43,Julio Jones*\JoneJu02,ATL,WR,23,16,15,0,0,0,0,0,6,30,5.00,0,128,79,1198,10,183
44,Ryan Tannehill\TannRy00,MIA,QB,24,16,16,282,484,3294,12,13,49,211,4.31,2,0,0,0,0,183
45,Matt Forte\FortMa00,CHI,RB,27,15,15,0,0,0,0,0,248,1094,4.41,5,59,44,340,1,177
46,Roddy White\WhitRo00,ATL,WR,31,16,15,0,0,0,0,0,0,0,,0,142,92,1351,7,177
47,Chris Johnson\JohnCh04,TEN,RB,27,16,15,0,0,0,0,0,276,1243,4.50,6,49,36,232,0,176
48,Colin Kaepernick\KaepCo00,SFO,QB,25,13,7,136,218,1814,10,3,63,415,6.59,5,0,0,0,0,174
49,Reggie Bush\BushRe00,MIA,RB,27,16,16,0,0,0,0,0,227,986,4.34,6,52,35,292,2,172
50,Wes Welker*\WelkWe00,NWE,WR,31,16,12,0,0,0,0,0,2,20,10.00,0,174,118,1354,6,171
51,Marques Colston\ColsMa00,NOR,WR,29,16,13,0,0,0,0,0,0,0,,0,130,83,1154,10,171
52,Victor Cruz*\CruzVi00,NYG,WR,26,16,16,0,0,0,0,0,0,0,,0,143,86,1092,10,169
53,Shonn Greene\GreeSh00,NYJ,RB,27,16,14,0,0,0,0,0,276,1063,3.85,8,30,19,151,0,167
54,Brandon Weeden\WeedBr00,CLE,QB,29,15,15,297,517,3385,14,17,27,111,4.11,0,1,0,-9,0,166
55,Michael Crabtree\CrabMi00,SFO,WR,25,16,16,0,0,0,0,0,1,8,8.00,0,127,85,1105,9,165
56,Steven Jackson\JackSt00,STL,RB,29,16,16,0,0,0,0,0,258,1045,4.05,4,53,38,321,0,163
57,Reggie Wayne*\WaynRe00,IND,WR,34,16,15,0,0,0,0,0,1,-5,-5.00,0,195,106,1355,5,163
58,James Jones\JoneJa04,GNB,WR,28,16,16,0,0,0,0,0,0,0,,0,98,64,784,14,162
59,Michael Turner\TurnMi00,ATL,RB,30,16,16,0,0,0,0,0,222,800,3.60,10,30,19,128,1,157
60,Ahmad Bradshaw\BradAh00,NYG,RB,26,14,12,0,0,0,0,0,221,1015,4.59,6,31,23,245,0,156
61,Mike Williams\WillMi04,TAM,WR,25,16,16,1,1,28,0,0,0,0,,0,126,63,996,9,155
62,Randall Cobb\CobbRa00,GNB,WR,22,15,8,0,0,0,0,0,10,132,13.20,0,104,80,954,8,155
63,Jimmy Graham\GrahJi00,NOR,TE,26,15,9,0,0,0,0,0,0,0,,0,135,85,982,9,152
64,BenJarvus Green-Ellis\GreeBe00,CIN,RB,27,15,15,0,0,0,0,0,278,1094,3.94,6,30,22,104,0,152
65,Michael Vick\VickMi00,PHI,QB,32,10,10,204,351,2362,12,10,62,332,5.35,1,0,0,0,0,152
66,Mikel Leshoure\LeshMi00,DET,RB,22,14,14,0,0,0,0,0,215,798,3.71,9,49,34,214,0,149
67,LeSean McCoy\McCoLe01,PHI,RB,24,12,12,0,0,0,0,0,200,840,4.20,2,67,54,373,3,145
68,Rob Gronkowski*\GronRo00,NWE,TE,23,11,11,0,0,0,0,0,0,0,,0,79,55,790,11,143
69,Steve Smith\SmitSt01,CAR,WR,33,16,16,0,0,0,0,0,3,27,9.00,0,137,73,1174,4,142
70,Tony Gonzalez*+\GonzTo00,ATL,TE,36,16,16,0,0,0,0,0,0,0,,0,124,93,930,8,141
71,Darren Sproles\SproDa00,NOR,RB,29,13,6,0,0,0,0,0,48,244,5.08,1,104,75,667,7,141
72,Lance Moore\MoorLa00,NOR,WR,29,15,7,0,0,0,0,0,0,0,,0,104,65,1041,6,140
73,Steve Johnson\JohnSt00,BUF,WR,26,16,16,0,0,0,0,0,0,0,,0,148,79,1046,6,139
74,Cecil Shorts\ShorCe00,JAX,WR,25,14,9,0,0,0,0,0,1,-4,-4.00,0,105,55,979,7,138
75,Torrey Smith\SmitTo02,BAL,WR,23,16,16,0,0,0,0,0,3,9,3.00,0,110,49,855,8,134
76,Heath Miller*\MillHe00,PIT,TE,30,15,15,0,0,0,0,0,0,0,,0,101,71,816,8,132
77,Jake Locker\LockJa00,TEN,QB,24,11,11,177,314,2176,10,11,41,291,7.10,1,1,0,0,0,132
78,T.Y. Hilton\HiltT.00,IND,WR,23,15,1,0,1,0,0,0,5,29,5.80,0,90,50,861,7,131
79,DeAngelo Williams\WillDe02,CAR,RB,29,16,10,0,0,0,0,0,173,737,4.26,5,20,13,187,2,130
80,Mike Wallace\WallMi00,PIT,WR,26,15,14,0,0,0,0,0,5,7,1.40,0,119,64,836,8,130
81,Miles Austin\AustMi00,DAL,WR,28,16,15,0,0,0,0,0,0,0,,0,119,66,943,6,128
82,Jeremy Maclin\MaclJe00,PHI,WR,24,15,15,0,0,0,0,0,0,0,,0,122,69,857,7,126
83,Alex Smith\SmitAl03,SFO,QB,28,10,9,153,218,1737,13,5,31,132,4.26,0,0,0,0,0,123
84,Jason Witten*\WittJa00,DAL,TE,30,16,16,0,0,0,0,0,0,0,,0,147,110,1039,3,122
85,Justin Blackmon\BlacJu00,JAX,WR,22,16,14,0,0,0,0,0,2,23,11.50,0,132,64,865,5,121
86,Jordy Nelson\NelsJo00,GNB,WR,27,12,10,0,0,0,0,0,0,0,,0,73,49,745,7,119
87,Anquan Boldin\BoldAn00,BAL,WR,32,15,15,0,0,0,0,0,1,3,3.00,0,112,65,921,4,118
88,Sidney Rice\RiceSi01,SEA,WR,26,16,16,1,2,25,0,0,2,6,3.00,0,82,50,748,7,118
89,Mark Sanchez\SancMa00,NYJ,QB,26,15,15,246,453,2883,13,18,22,28,1.27,0,0,0,0,0,118
90,Danny Woodhead\WoodDa02,NWE,RB,27,16,2,0,0,0,0,0,76,301,3.96,4,55,40,446,3,117
91,Denarius Moore\MoorDe02,OAK,WR,24,15,15,0,0,0,0,0,1,-5,-5.00,0,114,51,741,7,116
92,Golden Tate\TateGo00,SEA,WR,24,15,15,1,1,23,1,0,3,20,6.67,0,68,45,688,7,116
93,Vick Ballard\BallVi00,IND,RB,22,16,12,0,0,0,0,0,211,814,3.86,2,27,17,152,1,115
94,Brandon Lloyd\LloyBr00,NWE,WR,31,16,15,0,0,0,0,0,0,0,,0,131,74,911,4,115
95,Greg Olsen\OlseGr00,CAR,TE,27,16,16,0,0,0,0,0,0,0,,0,104,69,843,5,114
96,Chad Henne\HennCh01,JAX,QB,27,10,6,166,308,2084,11,11,19,64,3.37,1,0,1,-6,0,113
97,Willis McGahee\McGaWi00,DEN,RB,31,10,9,0,0,0,0,0,167,731,4.38,4,33,26,221,0,113
98,Brian Hartline\HartBr00,MIA,WR,26,16,15,0,0,0,0,0,0,0,,0,131,74,1083,1,112
99,Malcom Floyd\FloyMa00,SDG,WR,31,14,14,0,0,0,0,0,0,0,,0,85,56,814,5,111
100,Darren McFadden\McFaDa00,OAK,RB,25,12,12,0,0,0,0,0,216,707,3.27,2,63,42,258,1,111
101,DeMarco Murray\MurrDe00,DAL,RB,24,10,10,0,0,0,0,0,161,663,4.12,4,42,35,251,0,111
102,Dennis Pitta\PittDe00,BAL,TE,27,16,5,0,0,0,0,0,0,0,,0,94,61,669,7,109
103,Josh Gordon\GordJo02,CLE,WR,21,16,13,0,0,0,0,0,0,0,,0,96,50,805,5,109
104,Andre Roberts\RobeAn00,ARI,WR,24,15,15,0,0,0,0,0,4,29,7.25,0,114,64,759,5,109
105,Owen Daniels*\DaniOw00,HOU,TE,30,15,14,0,0,0,0,0,0,0,,0,104,62,716,6,108
106,Danario Alexander\AlexDa00,SDG,WR,26,10,6,0,1,0,0,0,0,0,,0,62,37,658,7,108
107,Kyle Rudolph*\RudoKy00,MIN,TE,23,16,16,0,0,0,0,0,0,0,,0,93,53,493,9,105
108,Brandon Myers\MyerBr00,OAK,TE,27,16,16,0,0,0,0,0,0,0,,0,105,79,806,4,105
109,Antonio Brown\BrowAn04,PIT,WR,24,13,10,0,2,0,0,1,7,24,3.43,0,106,66,787,5,105
110,Santana Moss\MossSa00,WAS,WR,33,16,1,0,0,0,0,0,3,14,4.67,0,62,41,573,8,105
111,Joique Bell\BellJo01,DET,RB,26,16,0,0,0,0,0,0,82,414,5.05,3,68,52,485,0,104
112,Larry Fitzgerald*\FitzLa00,ARI,WR,29,16,16,0,0,0,0,0,0,0,,0,156,71,798,4,104
113,Jermaine Gresham*\GresJe00,CIN,TE,24,16,15,0,0,0,0,0,0,0,,0,94,64,737,5,102
114,Brandon Gibson\GibsBr00,STL,WR,25,16,13,0,0,0,0,0,0,0,,0,82,51,691,5,99
115,Percy Harvin\HarvPe00,MIN,WR,24,9,8,0,0,0,0,0,22,96,4.36,1,85,62,677,3,99
116,Nate Washington\WashNa00,TEN,WR,29,16,14,0,0,0,0,0,0,0,,0,89,46,746,4,99
117,Ryan Mathews\MathRy00,SDG,RB,25,12,9,0,0,0,0,0,184,707,3.84,1,56,39,252,0,98
118,Donnie Avery\AverDo00,IND,WR,28,16,15,0,0,0,0,0,4,9,2.25,0,124,60,781,3,97
119,Andre Brown\BrowAn03,NYG,RB,26,10,2,0,0,0,0,0,73,385,5.27,8,17,12,86,0,97
120,Antonio Gates\GateAn00,SDG,TE,32,15,15,0,0,0,0,0,0,0,,0,80,49,538,7,96
121,Dwayne Bowe\BoweDw00,KAN,WR,28,13,12,0,0,0,0,0,0,0,,0,114,59,801,3,96
122,Brandon LaFell\LaFeBr00,CAR,WR,26,14,12,0,0,0,0,0,3,35,11.67,0,76,44,677,4,95
123,Pierre Thomas\ThomPi00,NOR,RB,28,15,4,0,0,0,0,0,105,473,4.50,1,53,39,354,1,95
124,Blaine Gabbert\GabbBl00,JAX,QB,23,10,10,162,278,1662,9,6,18,56,3.11,0,0,0,0,0,94
125,Martellus Bennett\BennMa00,NYG,TE,25,16,16,0,0,0,0,0,0,0,,0,89,55,626,5,93
126,Mark Ingram\IngrMa01,NOR,RB,23,16,5,0,0,0,0,0,156,602,3.86,5,10,6,29,0,93
127,Felix Jones\JoneFe00,DAL,RB,25,16,7,0,0,0,0,0,111,402,3.62,3,36,25,262,2,93
128,Darrius Heyward-Bey\HeywDa00,OAK,WR,25,15,14,0,0,0,0,0,2,16,8.00,0,80,41,606,5,92
129,Scott Chandler\ChanSc00,BUF,TE,27,15,13,0,0,0,0,0,0,0,,0,74,43,571,6,91
130,Chris Givens\GiveCh00,STL,WR,23,15,12,0,0,0,0,0,3,12,4.00,0,80,42,698,3,91
131,Jeremy Kerley\KerlJe00,NYJ,WR,24,16,7,1,1,42,0,0,5,8,1.60,0,95,56,827,2,91
132,Knowshon Moreno\MoreKn00,DEN,RB,25,8,6,0,0,0,0,0,138,525,3.80,4,26,21,167,0,91
133,Greg Little\LittGr00,CLE,WR,23,16,16,0,0,0,0,0,2,15,7.50,0,94,53,647,4,90
134,Pierre Garcon\GarcPi00,WAS,WR,26,10,10,0,0,0,0,0,2,9,4.50,0,68,44,633,4,88
135,Jacquizz Rodgers\RodgJa00,ATL,RB,22,16,0,0,0,0,0,0,94,362,3.85,1,59,53,402,1,88
136,Hakeem Nicks\NickHa01,NYG,WR,24,13,11,0,0,0,0,0,0,0,,0,100,53,692,3,87
137,Mike Tolbert\TolbMi00,CAR,RB,27,16,5,0,0,0,0,0,54,183,3.39,7,39,27,268,0,87
138,Nick Foles\FoleNi00,PHI,QB,23,7,6,161,265,1699,6,5,11,42,3.82,1,0,0,0,0,86
139,Vernon Davis\DaviVe00,SFO,TE,28,16,16,0,0,0,0,0,0,0,,0,61,41,548,5,85
140,Kevin Kolb\KolbKe00,ARI,QB,28,6,5,109,183,1169,8,3,16,100,6.25,1,0,0,0,0,85
141,Kendall Wright\WrigKe01,TEN,WR,23,15,5,0,0,0,0,0,1,4,4.00,0,104,64,626,4,85
142,Davone Bess\BessDa00,MIA,WR,27,13,13,0,0,0,0,0,0,0,,0,104,61,778,1,84
143,Brandon Stokley\StokBr00,DEN,WR,36,15,9,0,0,0,0,0,0,0,,0,58,45,544,5,84
144,Danny Amendola\AmenDa00,STL,WR,27,11,8,0,0,0,0,0,2,8,4.00,0,101,63,666,3,83
145,Kenny Britt\BritKe00,TEN,WR,24,14,11,0,0,0,0,0,0,0,,0,90,45,589,4,83
146,Marcel Reece*\ReecMa00,OAK,RB,27,16,14,0,0,0,0,0,59,271,4.59,0,73,52,496,1,83
147,Bilal Powell\PoweBi00,NYJ,RB,24,14,2,0,0,0,0,0,110,437,3.97,4,36,17,140,0,82
148,Jonathan Dwyer\DwyeJo00,PIT,RB,23,13,6,0,0,0,0,0,156,623,3.99,2,25,18,106,0,81
149,DeSean Jackson\JackDe00,PHI,WR,26,11,11,0,0,0,0,0,3,-7,-2.33,0,87,45,700,2,81
150,Fred Jackson\JackFr02,BUF,RB,31,10,8,0,0,0,0,0,115,437,3.80,3,42,34,217,1,81
151,Bryce Brown\BrowBr02,PHI,RB,21,16,4,0,0,0,0,0,115,564,4.90,4,19,13,56,0,80
152,Andrew Hawkins\HawkAn00,CIN,WR,26,14,2,0,0,0,0,0,6,30,5.00,0,80,51,533,4,80
153,Aaron Hernandez\HernAa00,NWE,TE,23,10,10,0,0,0,0,0,1,5,5.00,0,83,51,483,5,79
154,Matt Cassel\CassMa00,KAN,QB,30,9,8,161,277,1796,6,12,27,145,5.37,1,0,0,0,0,78
155,Lance Kendricks\KendLa00,STL,TE,24,16,14,0,0,0,0,0,0,0,,0,64,42,519,4,78
156,Marcedes Lewis\LewiMa00,JAX,TE,28,16,15,0,0,0,0,0,0,0,,0,77,52,540,4,78
157,Michael Bush\BushMi00,CHI,RB,28,13,1,0,0,0,0,0,114,411,3.61,5,11,9,83,0,77
158,Jermichael Finley\FinlJe00,GNB,TE,25,16,14,0,0,0,0,0,0,0,,0,87,61,667,2,77
159,Matt Hasselbeck\HassMa00,TEN,QB,37,8,5,138,221,1367,7,5,13,38,2.92,0,0,0,0,0,76
160,Rod Streater\StreRo00,OAK,WR,24,16,2,0,0,0,0,0,0,0,,0,74,39,584,3,76
161,Jared Cook\CookJa02,TEN,TE,25,13,5,0,0,0,0,0,0,0,,0,73,44,523,4,74
162,Leonard Hankerson\HankLe00,WAS,WR,24,16,5,0,0,0,0,0,2,5,2.50,0,57,38,543,3,73
163,Brent Celek\CeleBr00,PHI,TE,27,15,14,0,0,0,0,0,0,0,,0,88,57,684,1,72
164,Dwayne Allen\AlleDw00,IND,TE,22,16,16,0,0,0,0,0,3,5,1.67,0,66,45,521,3,71
165,Brandon Pettigrew\PettBr00,DET,TE,27,14,11,0,0,0,0,0,0,0,,0,102,59,567,3,71
166,Isaac Redman\RedmIs20,PIT,RB,28,14,5,0,0,0,0,0,110,410,3.73,2,23,19,244,0,71
167,LaRod Stephens-Howling\StepLa00,ARI,RB,25,14,5,0,0,0,0,0,110,356,3.24,4,30,17,106,0,70
168,Domenik Hixon\HixoDo00,NYG,WR,28,13,3,0,0,0,0,0,0,0,,0,59,39,567,2,69
169,Kevin Ogletree\OgleKe00,DAL,WR,25,15,1,0,0,0,0,0,2,9,4.50,0,55,32,436,4,69
170,Dallas Clark\ClarDa00,TAM,TE,33,16,7,0,0,0,0,0,0,0,,0,75,47,435,4,68
171,Donald Jones\JoneDo00,BUF,WR,25,12,10,0,0,0,0,0,0,0,,0,67,41,443,4,68
172,Jacob Tamme\TammJa00,DEN,TE,27,16,8,0,0,0,0,0,0,0,,0,85,52,555,2,68
173,Daniel Thomas\ThomDa03,MIA,RB,25,12,0,0,0,0,0,0,91,325,3.57,4,22,15,156,0,68
174,Ben Watson\WatsBe00,CLE,TE,32,16,14,0,0,0,0,0,0,0,,0,82,49,501,3,68
175,David Wilson\WilsDa01,NYG,RB,21,16,2,0,0,0,0,0,71,358,5.04,4,9,4,34,1,67
176,Jackie Battle\BattJa00,SDG,RB,29,16,5,0,0,0,0,0,95,311,3.27,3,15,15,108,1,66
177,Joel Dreessen\DreeJo00,DEN,TE,30,16,15,0,0,0,0,0,0,0,,0,58,41,356,5,66
178,Michael Floyd\FloyMi00,ARI,WR,23,16,3,0,0,0,0,0,0,0,,0,86,45,562,2,66
179,Josh Morgan\MorgJo00,WAS,WR,27,16,15,0,1,0,0,0,3,25,8.33,0,73,48,510,2,66
180,Jason Avant\AvanJa00,PHI,WR,29,14,6,0,0,0,0,0,0,0,,0,76,53,648,0,65
181,Anthony Fasano\FasaAn00,MIA,TE,28,16,16,0,0,0,0,0,0,0,,0,69,41,332,5,65
182,Emmanuel Sanders\SandEm00,PIT,WR,25,16,7,0,0,0,0,0,1,4,4.00,0,75,44,626,1,65
183,Bernard Pierce\PierBe00,BAL,RB,22,16,0,0,0,0,0,0,108,532,4.93,1,11,7,47,0,64
184,Kevin Walter\WaltKe00,HOU,WR,31,16,14,0,0,0,0,0,0,0,,0,68,41,518,2,64
185,Titus Young\YounTi00,DET,WR,23,10,8,0,0,0,0,0,2,16,8.00,0,56,33,383,4,64
186,Maurice Jones-Drew\DrewMa00,JAX,RB,27,6,5,0,0,0,0,0,86,414,4.81,1,18,14,86,1,62
187,Daryl Richardson\RichDa00,STL,RB,22,16,0,0,0,0,0,0,98,475,4.85,0,36,24,163,0,62
188,Shane Vereen\VereSh00,NWE,RB,23,13,1,0,0,0,0,0,62,251,4.05,3,13,8,149,1,62
189,Greg Jennings\JennGr00,GNB,WR,29,8,5,0,0,0,0,0,0,0,,0,62,36,366,4,61
190,Randy Moss\MossRa00,SFO,WR,35,16,2,0,0,0,0,0,0,0,,0,50,28,434,3,61
191,Jonathan Stewart\StewJo00,CAR,RB,25,9,6,0,0,0,0,0,93,336,3.61,1,23,17,157,1,61
192,Donald Brown\BrowDo00,IND,RB,25,10,4,0,0,0,0,0,108,417,3.86,1,13,9,93,0,59
193,Ronnie Brown\BrowRo05,SDG,RB,31,14,1,0,0,0,0,0,46,220,4.78,0,59,49,371,0,59
194,Alex Green\GreeAl00,GNB,RB,24,12,4,0,0,0,0,0,135,464,3.44,0,30,18,125,0,59
195,Zach Miller\MillZa01,SEA,TE,27,16,15,0,0,0,0,0,0,0,,0,53,38,396,3,58
196,Michael Jenkins\JenkMi00,MIN,WR,30,16,8,0,0,0,0,0,0,0,,0,72,40,449,2,57
197,Joe Morgan\MorgJo01,NOR,WR,24,14,5,0,0,0,0,0,1,1,1.00,0,21,10,379,3,56
198,Tony Scheffler\ScheTo00,DET,TE,29,15,4,0,0,0,0,0,0,0,,0,85,42,504,1,56
199,Doug Baldwin\BaldDo00,SEA,WR,24,14,4,0,0,0,0,0,0,0,,0,50,29,366,3,55
200,Alshon Jeffery\JeffAl00,CHI,WR,22,10,6,0,0,0,0,0,0,0,,0,48,24,367,3,55